PE FL       SUBTECH     SPECTRUM    ASCII       PEDS        1.60        
  -1
SW3_003.TXT
15/03/11
16:16:37.00
15/03/11
16:17:00.00
GAB, RAF
6.2 BLANK H2SO4 0.05M 1. MESSUNG
455.500000
1









LS50-B
350.00
2.50
2.50
SCAN
1
20
100
100
0
200
0
1
0
1
3
ON
455 350 
1 0 0
#HDR
-1
-1
#GR
NM

0.00002384185791015625
0.0
445.000000
0.500000
22
8
1.973986
0.977993
#DATA
445.000000	1.973986 
445.500000	1.032996 
446.000000	1.467990 
446.500000	1.153993 
447.000000	1.381993 
447.500000	1.475977 
448.000000	1.261997 
448.500000	1.220989 
449.000000	1.248979 
449.500000	1.624989 
450.000000	1.215982 
450.500000	0.977993 
451.000000	1.578998 
451.500000	1.306986 
452.000000	1.247978 
452.500000	1.713991 
453.000000	1.431989 
453.500000	1.345992 
454.000000	1.312994 
454.500000	1.343989 
455.000000	1.516985 
455.500000	1.594996 

