PE FL                   SPECTRUM    ASCII       PEDS        1.60        
  -1
SW3_004.TXT
15/03/11
16:20:14.00
15/03/11
16:20:20.00
GAB, RAF
6.2 BLANK H2SO4 0.05M 2. MESSUNG
455.500000
1









LS50-B
350.00
2.50
2.50
SCAN
1
20
100
100
0
200
0
1
0
1
3
ON
455 350 
1 0 0
#HDR
-1
-1
#GR
NM

0.00002384185791015625
0.0
445.000000
0.500000
22
8
24.810000
19.801000
#DATA
445.000000	19.801000 
445.500000	20.466000 
446.000000	21.490000 
446.500000	21.755000 
447.000000	22.669000 
447.500000	22.805000 
448.000000	21.653000 
448.500000	22.375000 
449.000000	23.113000 
449.500000	22.233000 
450.000000	22.296000 
450.500000	21.985000 
451.000000	22.690000 
451.500000	22.497000 
452.000000	22.365000 
452.500000	22.774000 
453.000000	23.755000 
453.500000	23.604000 
454.000000	22.393000 
454.500000	21.752000 
455.000000	22.675000 
455.500000	24.810000 

