PE FL                   SPECTRUM    ASCII       PEDS        1.60        
  -1
SW3_007.TXT
15/03/11
16:22:54.00
15/03/11
16:23:00.00
GAB, RAF
6.2 BLANK H2SO4 0.05M
455.500000
1









LS50-B
350.00
2.50
2.50
SCAN
1
20
100
100
0
200
0
1
0
1
3
ON
455 350 
1 0 0
#HDR
-1
-1
#GR
NM

0.00002384185791015625
0.0
445.000000
0.500000
22
8
618.715000
520.795000
#DATA
445.000000	520.795000 
445.500000	533.825000 
446.000000	540.259000 
446.500000	552.774000 
447.000000	558.554999 
447.500000	556.784000 
448.000000	557.644000 
448.500000	560.025000 
449.000000	566.761000 
449.500000	578.836000 
450.000000	571.011000 
450.500000	582.615000 
451.000000	576.489000 
451.500000	581.362000 
452.000000	584.853000 
452.500000	580.591000 
453.000000	583.655000 
453.500000	585.978000 
454.000000	581.706000 
454.500000	577.124000 
455.000000	592.745000 
455.500000	618.715000 

