PE FL                   SPECTRUM    ASCII       PEDS        1.60        
  -1
SW3_005.TXT
15/03/11
16:21:11.00
15/03/11
16:21:17.00
GAB, RAF
6.2 BLANK H2SO4 0.05M 2. MESSUNG
455.500000
1









LS50-B
350.00
2.50
2.50
SCAN
1
20
100
100
0
200
0
1
0
1
3
ON
455 350 
1 0 0
#HDR
-1
-1
#GR
NM

0.00002384185791015625
0.0
445.000000
0.500000
22
8
85.334000
74.290000
#DATA
445.000000	74.290000 
445.500000	77.596999 
446.000000	76.337999 
446.500000	77.037000 
447.000000	78.538000 
447.500000	77.536000 
448.000000	79.321000 
448.500000	77.936000 
449.000000	81.571000 
449.500000	80.837000 
450.000000	78.816000 
450.500000	85.334000 
451.000000	83.068000 
451.500000	79.884000 
452.000000	81.396000 
452.500000	79.283000 
453.000000	80.370000 
453.500000	82.241000 
454.000000	82.130000 
454.500000	83.081000 
455.000000	80.279000 
455.500000	77.084000 

