PE FL                   SPECTRUM    ASCII       PEDS        1.60        
  -1
SW3_003.TXT
15/03/11
16:19:25.00
15/03/11
16:19:31.00
GAB, RAF
6.2 BLANK H2SO4 0.05M 2. MESSUNG
455.500000
1









LS50-B
350.00
2.50
2.50
SCAN
1
20
100
100
0
200
0
1
0
1
3
ON
455 350 
1 0 0
#HDR
-1
-1
#GR
NM

0.00002384185791015625
0.0
445.000000
0.500000
22
8
9.121000
1.728000
#DATA
445.000000	8.759000 
445.500000	7.673000 
446.000000	7.622000 
446.500000	7.621000 
447.000000	7.448000 
447.500000	8.457000 
448.000000	8.086000 
448.500000	8.474000 
449.000000	8.792000 
449.500000	8.811000 
450.000000	8.706000 
450.500000	8.888000 
451.000000	8.898000 
451.500000	9.106000 
452.000000	7.871000 
452.500000	8.116000 
453.000000	9.087000 
453.500000	9.121000 
454.000000	8.779999 
454.500000	9.055000 
455.000000	6.313000 
455.500000	1.728000 

