PE FL                   SPECTRUM    ASCII       PEDS        1.60        
  -1
SW3_006.TXT
15/03/11
16:22:02.00
15/03/11
16:22:08.00
GAB, RAF
6.2 BLANK H2SO4 0.05M 2. MESSUNG
455.500000
1









LS50-B
350.00
2.50
2.50
SCAN
1
20
100
100
0
200
0
1
0
1
3
ON
455 350 
1 0 0
#HDR
-1
-1
#GR
NM

0.00002384185791015625
0.0
445.000000
0.500000
22
8
207.351000
179.388000
#DATA
445.000000	179.388000 
445.500000	182.342000 
446.000000	190.595000 
446.500000	194.402000 
447.000000	193.941000 
447.500000	195.350000 
448.000000	197.241000 
448.500000	199.778000 
449.000000	198.548000 
449.500000	199.227000 
450.000000	204.579000 
450.500000	200.319000 
451.000000	201.629000 
451.500000	200.438000 
452.000000	202.759000 
452.500000	206.965000 
453.000000	207.351000 
453.500000	206.110000 
454.000000	203.141000 
454.500000	206.761000 
455.000000	204.203000 
455.500000	194.863000 

