PE FL                   SPECTRUM    ASCII       PEDS        1.60        
  -1
SW3_004.TXT
15/03/11
17:02:39.00
15/03/11
17:02:45.00
GAB, RAF
6.4 QUENCH QUININE 3PPM
455.500000
1









LS50-B
350.00
2.50
2.50
SCAN
1
20
100
100
0
200
0
1
0
1
3
ON
455 350 
1 0 0
#HDR
-1
-1
#GR
NM

0.00002384185791015625
0.0
445.000000
0.500000
22
8
182.451000
143.749000
#DATA
445.000000	143.749000 
445.500000	144.659000 
446.000000	149.817000 
446.500000	149.230000 
447.000000	147.897000 
447.500000	153.422000 
448.000000	151.925000 
448.500000	153.395000 
449.000000	156.309000 
449.500000	156.103000 
450.000000	155.833000 
450.500000	159.382000 
451.000000	160.190000 
451.500000	159.685000 
452.000000	160.623000 
452.500000	162.103000 
453.000000	164.091000 
453.500000	161.750000 
454.000000	161.057000 
454.500000	161.205000 
455.000000	167.376000 
455.500000	182.451000 

