PE FL                   SPECTRUM    ASCII       PEDS        1.60        
  -1
SW3_007.TXT
15/03/11
17:06:23.00
15/03/11
17:06:29.00
GAB, RAF
6.4 QUENCH QUININE 3PPM
455.500000
1









LS50-B
350.00
2.50
2.50
SCAN
1
20
100
100
0
200
0
1
0
1
3
ON
455 350 
1 0 0
#HDR
-1
-1
#GR
NM

0.00002384185791015625
0.0
445.000000
0.500000
22
8
23.382000
16.621000
#DATA
445.000000	17.782000 
445.500000	20.435000 
446.000000	19.771000 
446.500000	18.920000 
447.000000	19.724000 
447.500000	20.433000 
448.000000	20.154000 
448.500000	20.661000 
449.000000	21.073000 
449.500000	21.002000 
450.000000	22.333000 
450.500000	19.587000 
451.000000	22.278000 
451.500000	22.027000 
452.000000	19.618000 
452.500000	23.382000 
453.000000	21.581000 
453.500000	20.341000 
454.000000	21.225000 
454.500000	21.842000 
455.000000	20.282000 
455.500000	16.621000 

