PE FL                   SPECTRUM    ASCII       PEDS        1.60        
  -1
SW3_006.TXT
15/03/11
17:05:13.00
15/03/11
17:05:19.00
GAB, RAF
6.4 QUENCH QUININE 3PPM
455.500000
1









LS50-B
350.00
2.50
2.50
SCAN
1
20
100
100
0
200
0
1
0
1
3
ON
455 350 
1 0 0
#HDR
-1
-1
#GR
NM

0.00002384185791015625
0.0
445.000000
0.500000
22
8
30.593000
26.774000
#DATA
445.000000	28.460000 
445.500000	27.019000 
446.000000	29.242000 
446.500000	28.249000 
447.000000	27.165000 
447.500000	26.904000 
448.000000	27.014000 
448.500000	28.721000 
449.000000	27.624000 
449.500000	27.790000 
450.000000	28.158000 
450.500000	28.505000 
451.000000	28.173000 
451.500000	28.024000 
452.000000	29.316000 
452.500000	30.593000 
453.000000	30.157000 
453.500000	30.484000 
454.000000	28.367000 
454.500000	28.382000 
455.000000	28.587000 
455.500000	26.774000 

