PE FL                   SPECTRUM    ASCII       PEDS        1.60        
  -1
SW3_005.TXT
15/03/11
17:03:49.00
15/03/11
17:03:55.00
GAB, RAF
6.4 QUENCH QUININE 3PPM
455.500000
1









LS50-B
350.00
2.50
2.50
SCAN
1
20
100
100
0
200
0
1
0
1
3
ON
455 350 
1 0 0
#HDR
-1
-1
#GR
NM

0.00002384185791015625
0.0
445.000000
0.500000
22
8
58.208000
41.849000
#DATA
445.000000	41.849000 
445.500000	47.655000 
446.000000	44.704000 
446.500000	47.548000 
447.000000	47.715000 
447.500000	49.086000 
448.000000	48.722000 
448.500000	47.898000 
449.000000	48.852000 
449.500000	49.899000 
450.000000	50.609000 
450.500000	52.663000 
451.000000	49.638000 
451.500000	51.567000 
452.000000	52.099000 
452.500000	48.896000 
453.000000	51.230000 
453.500000	50.497000 
454.000000	53.149000 
454.500000	51.989000 
455.000000	53.317000 
455.500000	58.208000 

