PE FL                   SPECTRUM    ASCII       PEDS        1.60        
  -1
SW3_003.TXT
15/03/11
17:01:24.00
15/03/11
17:01:30.00
GAB, RAF
6.4 QUENCH QUININE 3PPM
455.500000
1









LS50-B
350.00
2.50
2.50
SCAN
1
20
100
100
0
200
0
1
0
1
3
ON
455 350 
1 0 0
#HDR
-1
-1
#GR
NM

0.00002384185791015625
0.0
445.000000
0.500000
22
8
204.228000
175.182000
#DATA
445.000000	175.182000 
445.500000	181.337000 
446.000000	180.196000 
446.500000	184.469000 
447.000000	187.030000 
447.500000	184.838000 
448.000000	187.582000 
448.500000	191.090000 
449.000000	195.910000 
449.500000	194.263000 
450.000000	191.811000 
450.500000	189.709000 
451.000000	196.583000 
451.500000	198.641000 
452.000000	198.846000 
452.500000	202.636000 
453.000000	199.801000 
453.500000	199.538000 
454.000000	200.433000 
454.500000	201.931000 
455.000000	202.685000 
455.500000	204.228000 

