PE FL       SUBTECH     SPECTRUM    ASCII       PEDS        1.60        
  -1
SW4_001.TXT
15/03/11
14:04:25.00
15/03/11
14:06:37.00


455.500000
1









LS50-B
350.00
2.50
2.50
SCAN
1
20
100
100
0
200
0
1
0
1
3
ON
750 350 
1 0 0
#HDR
-1
-1
#GR
NM

0.00002384185791015625
0.0
445.000000
0.500000
22
8
0.454998
-0.694990
#DATA
445.000000	-0.199985 
445.500000	0.062990  
446.000000	0.044989  
446.500000	0.235986  
447.000000	0.390982  
447.500000	0.454998  
448.000000	0.427985  
448.500000	0.173997  
449.000000	0.236988  
449.500000	0.269985  
450.000000	0.386977  
450.500000	0.417995  
451.000000	0.337982  
451.500000	0.077986  
452.000000	0.177979  
452.500000	0.164985  
453.000000	0.166988  
453.500000	0.331997  
454.000000	0.348997  
454.500000	0.377988  
455.000000	0.000000  
455.500000	-0.694990 

