PE FL                   SPECTRUM    ASCII       PEDS        1.60        
  -1
SW4_014.TXT
15/03/11
15:50:33.00
15/03/11
15:50:39.00
GAB, RAF
6.3 TONIC WATER NR. 2 MESSUNG 3
455.500000
1









LS50-B
350.00
2.50
2.50
SCAN
1
20
100
100
0
200
0
1
0
1
3
ON
455 350 
1 0 0
#HDR
-1
-1
#GR
NM

0.00002384185791015625
0.0
445.000000
0.500000
22
8
234.558000
190.899000
#DATA
445.000000	190.899000 
445.500000	197.276000 
446.000000	197.301000 
446.500000	198.612000 
447.000000	200.460000 
447.500000	202.896000 
448.000000	209.146000 
448.500000	213.625000 
449.000000	209.216000 
449.500000	208.681000 
450.000000	206.061000 
450.500000	206.218000 
451.000000	218.354000 
451.500000	219.118000 
452.000000	214.089000 
452.500000	216.098000 
453.000000	214.224000 
453.500000	211.335000 
454.000000	211.551000 
454.500000	213.923000 
455.000000	222.432000 
455.500000	234.558000 

