PE FL                   SPECTRUM    ASCII       PEDS        1.60        
  -1
SW4_012.TXT
15/03/11
15:50:06.00
15/03/11
15:50:12.00
GAB, RAF
6.3 TONIC WATER NR. 2 MESSUNG 1
455.500000
1









LS50-B
350.00
2.50
2.50
SCAN
1
20
100
100
0
200
0
1
0
1
3
ON
455 350 
1 0 0
#HDR
-1
-1
#GR
NM

0.00002384185791015625
0.0
445.000000
0.500000
22
8
220.245000
196.033000
#DATA
445.000000	196.647000 
445.500000	196.168000 
446.000000	196.033000 
446.500000	203.692000 
447.000000	197.963000 
447.500000	203.973000 
448.000000	209.898000 
448.500000	210.397000 
449.000000	206.578000 
449.500000	208.673000 
450.000000	211.016000 
450.500000	214.208000 
451.000000	212.300000 
451.500000	218.647000 
452.000000	220.245000 
452.500000	218.904000 
453.000000	216.077000 
453.500000	215.783000 
454.000000	214.672000 
454.500000	217.207000 
455.000000	212.592000 
455.500000	198.884000 

