PE FL       SUBTECH     SPECTRUM    ASCII       PEDS        1.60        
  -1
SW4_017.TXT
15/03/11
16:01:12.00
15/03/11
16:03:28.00
GAB, RAF
6.3 TONIC WATER NR. 3 MESSUNG 3
455.500000
1









LS50-B
350.00
2.50
2.50
SCAN
1
20
100
100
0
200
0
1
0
1
3
ON
455 350 
1 0 0
#HDR
-1
-1
#GR
NM

0.00002384185791015625
0.0
445.000000
0.500000
22
8
211.885976
183.787989
#DATA
445.000000	183.787989 
445.500000	192.279982 
446.000000	187.952995 
446.500000	192.573976 
447.000000	198.076987 
447.500000	199.686980 
448.000000	200.872993 
448.500000	201.885986 
449.000000	204.130983 
449.500000	209.288978 
450.000000	208.182978 
450.500000	207.375979 
451.000000	207.944989 
451.500000	209.020996 
452.000000	209.737992 
452.500000	209.793996 
453.000000	211.885976 
453.500000	209.191989 
454.000000	211.354994 
454.500000	210.962986 
455.000000	208.571982 
455.500000	210.366988 

