PE FL                   SPECTRUM    ASCII       PEDS        1.60        
  -1
SW4_011.TXT
15/03/11
15:46:28.00
15/03/11
15:46:34.00
GAB, RAF
6.3 TONIC WATER NR. 1 MESSUNG 3
455.500000
1









LS50-B
350.00
2.50
2.50
SCAN
1
20
100
100
0
200
0
1
0
1
3
ON
455 350 
1 0 0
#HDR
-1
-1
#GR
NM

0.00002384185791015625
0.0
445.000000
0.500000
22
8
219.404000
183.068000
#DATA
445.000000	183.068000 
445.500000	189.114000 
446.000000	191.050000 
446.500000	196.940000 
447.000000	200.098000 
447.500000	198.802000 
448.000000	199.228000 
448.500000	200.978000 
449.000000	205.228000 
449.500000	209.401000 
450.000000	204.945000 
450.500000	211.876000 
451.000000	204.537000 
451.500000	207.963000 
452.000000	207.861000 
452.500000	208.254000 
453.000000	213.931000 
453.500000	210.693000 
454.000000	208.307000 
454.500000	213.409000 
455.000000	215.416000 
455.500000	219.404000 

