PE FL                   SPECTRUM    ASCII       PEDS        1.60        
  -1
SW4_013.TXT
15/03/11
15:50:20.00
15/03/11
15:50:26.00
GAB, RAF
6.3 TONIC WATER NR. 2 MESSUNG 2
455.500000
1









LS50-B
350.00
2.50
2.50
SCAN
1
20
100
100
0
200
0
1
0
1
3
ON
455 350 
1 0 0
#HDR
-1
-1
#GR
NM

0.00002384185791015625
0.0
445.000000
0.500000
22
8
219.541000
183.332000
#DATA
445.000000	183.332000 
445.500000	199.901000 
446.000000	196.522000 
446.500000	196.380000 
447.000000	200.337000 
447.500000	204.253000 
448.000000	206.669000 
448.500000	208.346000 
449.000000	210.836000 
449.500000	213.496000 
450.000000	208.510000 
450.500000	206.887000 
451.000000	206.441000 
451.500000	214.170000 
452.000000	213.822000 
452.500000	218.944000 
453.000000	215.462000 
453.500000	219.541000 
454.000000	217.620000 
454.500000	218.387000 
455.000000	214.397000 
455.500000	202.197000 

