PE FL                   SPECTRUM    ASCII       PEDS        1.60        
  -1
SW4_009.TXT
15/03/11
15:45:09.00
15/03/11
15:45:31.00
GAB, RAF
6.3 TONIC WATER NR. 1 MESSUNG 1
455.500000
1









LS50-B
350.00
2.50
2.50
SCAN
1
20
100
100
0
200
0
1
0
1
3
ON
900 400 
1 0 0
#HDR
-1
-1
#GR
NM

0.00002384185791015625
0.0
445.000000
0.500000
22
8
218.826000
189.253000
#DATA
445.000000	189.253000 
445.500000	191.785000 
446.000000	191.625000 
446.500000	195.809000 
447.000000	200.255000 
447.500000	201.109000 
448.000000	203.031000 
448.500000	206.153000 
449.000000	207.764000 
449.500000	202.570000 
450.000000	203.435000 
450.500000	206.692000 
451.000000	203.527000 
451.500000	207.798000 
452.000000	212.172000 
452.500000	211.084000 
453.000000	214.404000 
453.500000	213.308000 
454.000000	218.826000 
454.500000	216.260000 
455.000000	210.481000 
455.500000	203.665000 

