PE FL                   SPECTRUM    ASCII       PEDS        1.60        
  -1
SW4_016.TXT
15/03/11
16:00:12.00
15/03/11
16:00:18.00
GAB, RAF
6.3 TONIC WATER NR. 3 MESSUNG 1
455.500000
1









LS50-B
350.00
2.50
2.50
SCAN
1
20
100
100
0
200
0
1
0
1
3
ON
455 350 
1 0 0
#HDR
-1
-1
#GR
NM

0.00002384185791015625
0.0
445.000000
0.500000
22
8
216.108000
183.725000
#DATA
445.000000	183.725000 
445.500000	195.183000 
446.000000	193.770000 
446.500000	199.621000 
447.000000	199.975000 
447.500000	204.519000 
448.000000	203.397000 
448.500000	205.363000 
449.000000	202.534000 
449.500000	205.012000 
450.000000	201.538000 
450.500000	200.270000 
451.000000	204.357000 
451.500000	216.108000 
452.000000	209.956000 
452.500000	210.355000 
453.000000	206.299000 
453.500000	210.654000 
454.000000	212.186000 
454.500000	215.262000 
455.000000	203.297000 
455.500000	185.159000 

