PE FL                   SPECTRUM    ASCII       PEDS        1.60        
  -1
SW4_010.TXT
15/03/11
15:46:06.00
15/03/11
15:46:12.00
GAB, RAF
6.3 TONIC WATER NR. 1 MESSUNG 2
455.500000
1









LS50-B
350.00
2.50
2.50
SCAN
1
20
100
100
0
200
0
1
0
1
3
ON
455 350 
1 0 0
#HDR
-1
-1
#GR
NM

0.00002384185791015625
0.0
445.000000
0.500000
22
8
235.928000
181.845000
#DATA
445.000000	181.845000 
445.500000	194.411000 
446.000000	193.543000 
446.500000	195.022000 
447.000000	192.710000 
447.500000	195.040000 
448.000000	197.576000 
448.500000	198.395000 
449.000000	201.715000 
449.500000	203.017000 
450.000000	203.595000 
450.500000	209.190000 
451.000000	209.891000 
451.500000	204.780000 
452.000000	209.488000 
452.500000	209.437000 
453.000000	210.602000 
453.500000	209.423000 
454.000000	209.228000 
454.500000	211.838000 
455.000000	221.155000 
455.500000	235.928000 

