PE FL       SUBTECH     SPECTRUM    ASCII       PEDS        1.60        
  -1
SW4_015.TXT
15/03/11
16:00:12.00
15/03/11
16:04:07.00
GAB, RAF
6.3 TONIC WATER NR. 3 MESSUNG 1
455.500000
1









LS50-B
350.00
2.50
2.50
SCAN
1
20
100
100
0
200
0
1
0
1
3
ON
455 350 
1 0 0
#HDR
-1
-1
#GR
NM

0.00002384185791015625
0.0
445.000000
0.500000
22
8
216.107988
183.724999
#DATA
445.000000	183.724999 
445.500000	195.182991 
446.000000	193.769979 
446.500000	199.620985 
447.000000	199.974989 
447.500000	204.518985 
448.000000	203.396987 
448.500000	205.362987 
449.000000	202.533984 
449.500000	205.011987 
450.000000	201.537990 
450.500000	200.269985 
451.000000	204.356980 
451.500000	216.107988 
452.000000	209.955978 
452.500000	210.354995 
453.000000	206.298995 
453.500000	210.653996 
454.000000	212.185978 
454.500000	215.261983 
455.000000	203.296995 
455.500000	185.158991 

